0.0927940 0.8131358
0.6615773 0.5516489
0.3131241 0.2216824
0.8860597 0.2732720
0.6866133 0.9313414
0.6094364 0.0619374
0.2545968 0.4502090
0.9079864 0.7372985
0.4356218 0.7678138
0.0943954 0.1688729
0.7145627 0.3963721
0.4343075 0.5576877
0.2180853 0.9182294
0.4902748 0.1130580
0.8011228 0.7519843
0.4907899 0.3082554
0.8632285 0.1237269
0.9329849 0.4550581
0.0587544 0.6004033
0.9132573 0.9172643
0.4832882 0.9226525
0.2539643 0.0846173
0.6103232 0.7654686
0.2263848 0.6707834
0.0870950 0.3707671
