0.663098 0.789310
0.279786 0.550781
0.098666 0.737518
0.583669 0.332173
0.786471 0.825724
0.247313 0.045793
0.980343 0.002135
0.509061 0.936147
0.968130 0.581409
0.046566 0.854361
0.427425 0.575511
0.855074 0.711019
0.206150 0.510004
0.835935 0.165275
0.256741 0.455852
0.902988 0.927121
0.380667 0.835986
0.135287 0.110683
0.126559 0.332334
0.821928 0.607842
0.352948 0.473458
0.599834 0.097949
0.025742 0.213770
0.907254 0.652837
0.868637 0.448148
0.480704 0.456354
0.306993 0.804074
0.615218 0.391246
0.214752 0.517826
0.578259 0.547919
0.450123 0.470140
0.295627 0.411474
0.896439 0.705862
0.779339 0.854940
0.245149 0.604711
0.496894 0.314890
0.290863 0.357161
0.929772 0.795080
0.963952 0.018918
0.065526 0.716550
0.302058 0.095283
0.828662 0.128148
0.343129 0.706126
0.984757 0.366847
0.481929 0.704041
0.541089 0.806998
0.829571 0.900828
0.994671 0.693778
0.899037 0.476438
0.011055 0.988231
0.544221 0.813305
0.508845 0.366282
0.228174 0.968322
0.116628 0.656688
0.798347 0.752816
0.190169 0.654907
0.100175 0.363648
0.844416 0.930993
0.750608 0.559138
0.771184 0.416815
0.692784 0.802822
0.170647 0.605683
0.922054 0.344266
0.301904 0.457951
0.859829 0.045062
0.521297 0.848759
0.790147 0.503153
0.980785 0.825951
0.787346 0.730303
0.343848 0.211751
0.561765 0.784368
0.072109 0.263166
0.231701 0.275676
0.358441 0.222693
0.479088 0.918603
0.135761 0.599951
0.836191 0.086118
0.466312 0.820659
0.641127 0.884995
0.892993 0.294155
0.838963 0.278216
0.078588 0.753837
0.327626 0.352233
0.524436 0.623517
0.676539 0.510918
0.788650 0.801331
0.190901 0.163480
0.044302 0.213475
0.553628 0.786254
0.846441 0.292245
0.435147 0.941154
0.617324 0.633658
0.991299 0.227778
0.803247 0.883800
0.231628 0.969654
0.282690 0.722118
0.682014 0.863936
0.980648 0.923590
0.122040 0.471144
0.521852 0.097138
0.671419 0.338122
0.077461 0.959312
0.041316 0.221530
0.454759 0.992249
0.953190 0.236701
0.263695 0.072612
0.844965 0.160808
0.171706 0.100843
0.004650 0.370821
0.520662 0.701967
0.855005 0.234003
0.805674 0.542568
0.607273 0.867353
0.771561 0.482791
0.942436 0.155915
0.422663 0.364479
0.487594 0.318843
0.506990 0.371263
0.043086 0.124949
0.655192 0.165673
0.880458 0.511877
0.145036 0.931614
0.757608 0.718338
0.226798 0.484951
0.057932 0.397819
0.275691 0.154933
0.815272 0.283078
0.113009 0.516803
0.183646 0.989362
0.224558 0.540811
0.685134 0.093936
0.056937 0.521809
0.543677 0.760923
0.030923 0.411426
0.497058 0.381943
0.505286 0.973330
0.271557 0.900409
0.970450 0.540944
0.688962 0.043769
0.753223 0.033131
0.126354 0.404406
0.162899 0.171435
0.425584 0.424461
0.184227 0.374380
0.699189 0.528408
0.590435 0.349705
0.837965 0.023019
0.963678 0.671224
0.614969 0.498197
0.012240 0.257825
0.511743 0.302326
0.392597 0.249954
0.862511 0.658043
0.796301 0.823319
0.406265 0.991992
0.350639 0.447513
0.327641 0.375915
0.599417 0.383346
0.515438 0.354689
0.855039 0.148929
0.920259 0.045412
0.111589 0.540415
0.085125 0.843576
0.734933 0.775992
0.377776 0.418687
0.741160 0.585508
0.080832 0.410485
0.768076 0.675307
0.893707 0.274130
0.152184 0.977741
0.853291 0.431519
0.349672 0.404619
0.161659 0.067138
0.975697 0.357979
0.578501 0.798774
0.860671 0.842095
0.241297 0.731804
0.801681 0.437102
0.052659 0.183930
0.375543 0.344024
0.844339 0.195928
0.718712 0.837906
0.801333 0.811473
0.197214 0.352184
0.204991 0.441227
0.203398 0.582894
0.216136 0.286344
0.929467 0.902901
0.640669 0.085214
0.071891 0.408506
0.561065 0.102859
0.394822 0.415605
0.225232 0.480698
0.490922 0.449604
0.194571 0.418748
0.678503 0.939475
0.688401 0.223414
0.705927 0.076322
0.232337 0.510215
0.926815 0.712540
0.721383 0.727823
0.179046 0.778663
0.129643 0.030942
0.250867 0.438396
0.310192 0.175638
0.239865 0.982512
0.291118 0.779991
0.184251 0.111455
0.534513 0.661178
0.136990 0.544014
0.819556 0.140596
0.615953 0.522460
0.461393 0.752175
0.538660 0.407542
0.894407 0.683857
0.967395 0.751741
0.329423 0.954202
0.065766 0.525776
0.024449 0.638392
0.605215 0.008510
0.160517 0.711397
0.350823 0.628668
0.548053 0.009025
0.078987 0.100227
0.252762 0.595716
0.401568 0.791386
0.258360 0.084622
0.745798 0.616905
0.699241 0.231469
0.708030 0.989573
0.909596 0.907218
0.691203 0.590945
0.144136 0.271413
0.567073 0.943574
0.614654 0.981615
0.578786 0.943929
0.428821 0.385229
0.508569 0.541534
0.772989 0.086648
0.158162 0.457529
0.597055 0.740719
0.492503 0.994570
0.171760 0.506366
0.633947 0.306516
0.919807 0.852613
0.706495 0.615504
0.282080 0.331391
0.945870 0.367604
0.166626 0.943383
0.328344 0.725902
