18
16
3
14
9
5
21
8
20
11
2
20
16
6
13
22
17
0
19
4
13
1
0
20
12
15
7
14
16
23
15
13
20
9
16
15
13
22
21
3
5
6
7
24
2
8
22
20
12
11
8
15
11
3
9
3
10
22
4
12
18
16
24
13
6
8
12
22
9
5
8
0
19
5
8
16
6
8
18
24
24
3
13
2
23
9
0
0
8
24
17
23
24
9
11
7
18
22
10
1
14
11
0
17
24
5
6
0
10
2
24
4
18
12
21
15
15
15
0
1
12
11
9
16
10
5
24
16
11
16
1
10
2
10
15
8
17
20
1
6
10
0
15
19
23
14
6
20
23
0
15
5
20
9
17
13
13
14
15
6
21
16
11
9
13
4
10
4
24
11
12
13
0
24
8
22
7
12
0
13
6
18
9
19
16
16
19
22
1
10
1
13
16
15
19
18
1
1
16
20
9
3
0
13
5
11
7
0
2
16
6
23
2
15
20
20
17
10
3
1
3
7
1
0
16
7
5
4
1
18
22
23
19
8
18
8
15
2
6
16
2
8
16
14
22
4
13
24
11
7
