14
11
15
12
14
8
13
19
18
22
7
18
11
10
11
17
1
8
5
16
3
0
21
18
16
12
1
12
11
7
12
3
18
14
11
12
3
2
13
15
23
13
1
4
24
24
17
18
16
22
24
12
9
15
14
15
5
17
16
16
14
15
4
3
13
24
16
2
14
23
24
21
23
23
19
15
13
24
6
10
10
15
3
7
16
14
8
21
24
10
19
7
4
17
9
1
6
17
5
0
20
22
21
19
10
8
10
8
5
24
10
16
6
16
13
3
12
12
21
20
16
22
14
11
5
23
10
15
9
11
0
15
24
5
12
19
9
18
0
0
5
8
3
5
16
12
13
18
7
21
12
23
18
14
19
3
3
12
12
13
13
15
22
14
3
16
5
14
10
22
16
3
8
4
24
17
1
16
21
3
10
14
14
5
11
11
5
17
0
5
0
3
11
12
5
6
20
0
11
18
14
1
8
11
23
9
1
8
7
15
13
7
24
12
18
2
9
15
15
0
15
1
0
21
11
1
8
16
20
6
17
16
5
6
6
6
3
7
13
11
24
19
11
20
2
16
3
4
22
1
