0.5904363 0.5099493
0.4090563 0.2945815
0.5258622 0.9355406
0.8865868 0.1549345
0.1078081 0.7140185
0.1345063 0.0996723
0.9155477 0.7248704
0.0897166 0.4607259
0.5932615 0.2098833
0.3443594 0.6169841
0.9612836 0.8970297
0.3433943 0.8445417
0.7565806 0.2991576
0.1183728 0.9550394
0.6753052 0.0537105
0.5233618 0.7040558
0.6681007 0.8407712
0.1179069 0.2562537
0.3846660 0.0600213
0.9431660 0.3844319
0.7101913 0.5900416
0.2074317 0.5224605
0.8111188 0.9431674
0.4542836 0.4593633
0.9095936 0.5448605
