0.1004525 0.1556565
0.6332954 0.1029398
0.5110732 0.6735072
0.1141986 0.7059940
0.7628199 0.6003960
0.3057994 0.1459199
0.8262448 0.1103329
0.3182452 0.7362586
0.5306623 0.8745592
0.7777235 0.7914417
0.0717500 0.4285840
0.1424878 0.9461880
0.8294995 0.4634804
0.3239106 0.4060199
0.6156842 0.3501847
0.4830028 0.3834318
0.1952128 0.5328108
0.3796363 0.9359987
0.6673550 0.8841094
0.1849349 0.3301541
0.9278931 0.6693867
0.9517475 0.0555950
0.9087721 0.8808390
0.6419194 0.5475007
0.9096040 0.2964168
