23
12
13
14
12
11
20
8
24
16
5
14
11
21
9
9
9
8
4
0
23
3
20
23
15
11
13
9
9
9
4
11
23
2
15
15
21
5
19
9
20
22
0
16
24
0
0
15
15
2
19
12
2
9
16
2
12
16
11
3
15
6
14
9
16
16
22
21
3
5
11
6
15
5
16
5
13
17
22
12
10
7
8
22
10
5
22
15
4
3
14
24
6
15
3
23
7
2
11
15
7
5
1
8
23
7
2
8
23
0
18
22
1
10
5
2
2
15
4
4
6
17
15
16
4
3
8
21
10
22
13
17
15
0
18
24
1
21
17
19
1
16
4
11
17
22
21
9
17
8
22
10
2
14
23
14
18
1
16
2
14
13
19
11
1
23
15
15
20
3
3
11
0
6
6
9
5
21
11
1
7
12
4
23
3
2
20
7
23
2
5
6
21
22
11
15
10
21
13
20
0
13
22
19
23
7
21
17
7
15
0
4
15
18
1
17
19
15
10
1
7
5
10
1
23
18
14
0
16
24
11
10
15
20
8
11
16
13
21
7
10
8
22
5
19
22
5
4
10
10
