0.249184 0.180701
0.851705 0.170819
0.472329 0.993656
0.581176 0.687192
0.173673 0.956328
0.664974 0.979508
0.449451 0.816050
0.645987 0.110909
0.510736 0.803807
0.614589 0.849640
0.849792 0.231840
0.792354 0.564582
0.802557 0.373731
0.455384 0.504731
0.049035 0.374457
0.243217 0.491186
0.532127 0.773884
0.169950 0.188311
0.738338 0.578593
0.161895 0.682503
0.743502 0.984469
0.882280 0.476781
0.043435 0.574507
0.347026 0.539459
0.810712 0.268480
0.952992 0.994756
0.379974 0.096877
0.785051 0.619638
0.687729 0.061516
0.382486 0.658738
0.988828 0.417834
0.657302 0.670111
0.038290 0.594784
0.683521 0.188275
0.348994 0.020847
0.121381 0.894472
0.085779 0.149626
0.794870 0.612006
0.294634 0.214182
0.284184 0.628772
0.839801 0.361412
0.392877 0.359297
0.666699 0.939653
0.256612 0.901806
0.547455 0.385178
0.117859 0.266445
0.708476 0.364449
0.027606 0.531007
0.783740 0.004916
0.767510 0.439719
